CPU NODE SOCKET CORE L1d:L1i:L2:L3 ONLINE    MAXMHZ    MINMHZ       MHZ
  0    0      0    0 0:0:0:0          yes 5084.8931 2200.0000 2200.0000
  1    0      0    1 1:1:1:0          yes 5084.8931 2200.0000 2200.0000
  2    0      0    2 2:2:2:0          yes 5084.8931 2200.0000 2200.0000
  3    0      0    3 3:3:3:0          yes 5084.8931 2200.0000 2200.0000
  4    0      0    4 4:4:4:0          yes 5084.8931 2200.0000 2200.0000
  5    0      0    5 5:5:5:0          yes 5084.8931 2200.0000 2200.0000
  6    0      0    6 6:6:6:0          yes 5084.8931 2200.0000 2200.0000
  7    0      0    7 7:7:7:0          yes 5084.8931 2200.0000 2200.0000
  8    0      0    8 8:8:8:1          yes 5084.8931 2200.0000 2200.0000
  9    0      0    9 9:9:9:1          yes 5084.8931 2200.0000 2200.0000
 10    0      0   10 10:10:10:1       yes 5084.8931 2200.0000 2200.0000
 11    0      0   11 11:11:11:1       yes 5084.8931 2200.0000 2200.0000
 12    0      0   12 12:12:12:1       yes 5084.8931 2200.0000 2872.8369
 13    0      0   13 13:13:13:1       yes 5084.8931 2200.0000 2200.0000
 14    0      0   14 14:14:14:1       yes 5084.8931 2200.0000 2200.0000
 15    0      0   15 15:15:15:1       yes 5084.8931 2200.0000 2200.0000
 16    0      0    0 0:0:0:0          yes 5084.8931 2200.0000 2200.0000
 17    0      0    1 1:1:1:0          yes 5084.8931 2200.0000 2200.0000
 18    0      0    2 2:2:2:0          yes 5084.8931 2200.0000 2200.0000
 19    0      0    3 3:3:3:0          yes 5084.8931 2200.0000 2200.0000
 20    0      0    4 4:4:4:0          yes 5084.8931 2200.0000 2200.0000
 21    0      0    5 5:5:5:0          yes 5084.8931 2200.0000 2200.0000
 22    0      0    6 6:6:6:0          yes 5084.8931 2200.0000 2200.0000
 23    0      0    7 7:7:7:0          yes 5084.8931 2200.0000 4890.7520
 24    0      0    8 8:8:8:1          yes 5084.8931 2200.0000 2200.0000
 25    0      0    9 9:9:9:1          yes 5084.8931 2200.0000 2200.0000
 26    0      0   10 10:10:10:1       yes 5084.8931 2200.0000 2200.0000
 27    0      0   11 11:11:11:1       yes 5084.8931 2200.0000 2200.0000
 28    0      0   12 12:12:12:1       yes 5084.8931 2200.0000 2200.0000
 29    0      0   13 13:13:13:1       yes 5084.8931 2200.0000 2874.5139
 30    0      0   14 14:14:14:1       yes 5084.8931 2200.0000 2873.2739
 31    0      0   15 15:15:15:1       yes 5084.8931 2200.0000 2200.0000
